1.
    0.2676, -0.0950, 0.5774, 0.1563, -0.1169, 0.4949, 0.0494, -0.1764,
    0.4204, -0.0895, -0.2413, 0.3703, -0.2228, -0.2581, 0.3755, -0.3404,
    -0.2217, 0.4298, -0.4192, -0.1351, 0.5023

2. 
    0.2558, -0.1372, 0.5996, 0.1499, -0.1329,  0.5012,  0.0562, -0.1633,  0.4021,
    -0.0763, -0.2311,  0.3486, -0.2004, -0.2551,  0.3879, -0.3076, -0.2091,  0.4685,
    -0.3953, -0.1066,  0.5227

3.
    0.1979, -0.1826,  0.4928,  0.1075, -0.1691, 0.3765, 0.0247, -0.1734, 0.2684,
    -0.1199, -0.1648, 0.2436, -0.2023, -0.0944,  0.3311, -0.2349,  0.0281, 0.4,
    -0.3122, 0.1429, 0.4219

4. 
    0.269,   0.0595,  0.5496,  0.1568,  0.0634,  0.4676,  0.0549, -0.0048,  0.4014,
    - 0.0566, - 0.1199,  0.3662, - 0.1648, - 0.2066, 0.3802, - 0.2885, - 0.2521,  0.4236, - 0.4075, - 0.2143,  0.4727

5.
    0.1376, -0.1566, 0.5382, 0.0435, -0.1839, 0.4254, -0.0213, -0.2421, 0.3171,
    -0.1313, -0.333, 0.2652, -0.2462, -0.365, 0.3116, -0.3413, -0.3159,  0.4015,
    -0.4071, -0.2033, 0.4671
